4 (0)
 >  1  0  5 11
 > 13  4  6  9
 > 14 12 15  7
 >  2  3 10  8

4 (1)
 >  1  4  5 11
 > 13  0  6  9
 > 14 12 15  7
 >  2  3 10  8

4 (2)
 >  1  4  5 11
 > 13 12  6  9
 > 14  0 15  7
 >  2  3 10  8

4 (3)
 >  1  4  5 11
 > 13 12  6  9
 >  0 14 15  7
 >  2  3 10  8

4 (4)
 >  1  4  5 11
 >  0 12  6  9
 > 13 14 15  7
 >  2  3 10  8

4 (5)
 >  1  4  5 11
 > 12  0  6  9
 > 13 14 15  7
 >  2  3 10  8

4 (6)
 >  1  4  5 11
 > 12 14  6  9
 > 13  0 15  7
 >  2  3 10  8

4 (7)
 >  1  4  5 11
 > 12 14  6  9
 > 13  3 15  7
 >  2  0 10  8

4 (8)
 >  1  4  5 11
 > 12 14  6  9
 > 13  3 15  7
 >  2 10  0  8

4 (9)
 >  1  4  5 11
 > 12 14  6  9
 > 13  3 15  7
 >  2 10  8  0

4 (10)
 >  1  4  5 11
 > 12 14  6  9
 > 13  3 15  0
 >  2 10  8  7

4 (11)
 >  1  4  5 11
 > 12 14  6  0
 > 13  3 15  9
 >  2 10  8  7

4 (12)
 >  1  4  5 11
 > 12 14  0  6
 > 13  3 15  9
 >  2 10  8  7

4 (13)
 >  1  4  5 11
 > 12 14 15  6
 > 13  3  0  9
 >  2 10  8  7

4 (14)
 >  1  4  5 11
 > 12 14 15  6
 > 13  3  9  0
 >  2 10  8  7

4 (15)
 >  1  4  5 11
 > 12 14 15  0
 > 13  3  9  6
 >  2 10  8  7

4 (16)
 >  1  4  5  0
 > 12 14 15 11
 > 13  3  9  6
 >  2 10  8  7

4 (17)
 >  1  4  0  5
 > 12 14 15 11
 > 13  3  9  6
 >  2 10  8  7

4 (18)
 >  1  0  4  5
 > 12 14 15 11
 > 13  3  9  6
 >  2 10  8  7

4 (19)
 >  1 14  4  5
 > 12  0 15 11
 > 13  3  9  6
 >  2 10  8  7

4 (20)
 >  1 14  4  5
 > 12  3 15 11
 > 13  0  9  6
 >  2 10  8  7

4 (21)
 >  1 14  4  5
 > 12  3 15 11
 > 13  9  0  6
 >  2 10  8  7

4 (22)
 >  1 14  4  5
 > 12  3  0 11
 > 13  9 15  6
 >  2 10  8  7

4 (23)
 >  1 14  4  5
 > 12  3 11  0
 > 13  9 15  6
 >  2 10  8  7

4 (24)
 >  1 14  4  0
 > 12  3 11  5
 > 13  9 15  6
 >  2 10  8  7

4 (25)
 >  1 14  0  4
 > 12  3 11  5
 > 13  9 15  6
 >  2 10  8  7

4 (26)
 >  1  0 14  4
 > 12  3 11  5
 > 13  9 15  6
 >  2 10  8  7

4 (27)
 >  1  3 14  4
 > 12  0 11  5
 > 13  9 15  6
 >  2 10  8  7

4 (28)
 >  1  3 14  4
 > 12 11  0  5
 > 13  9 15  6
 >  2 10  8  7

4 (29)
 >  1  3  0  4
 > 12 11 14  5
 > 13  9 15  6
 >  2 10  8  7

4 (30)
 >  1  0  3  4
 > 12 11 14  5
 > 13  9 15  6
 >  2 10  8  7

4 (31)
 >  0  1  3  4
 > 12 11 14  5
 > 13  9 15  6
 >  2 10  8  7

4 (32)
 > 12  1  3  4
 >  0 11 14  5
 > 13  9 15  6
 >  2 10  8  7

4 (33)
 > 12  1  3  4
 > 13 11 14  5
 >  0  9 15  6
 >  2 10  8  7

4 (34)
 > 12  1  3  4
 > 13 11 14  5
 >  2  9 15  6
 >  0 10  8  7

4 (35)
 > 12  1  3  4
 > 13 11 14  5
 >  2  9 15  6
 > 10  0  8  7

4 (36)
 > 12  1  3  4
 > 13 11 14  5
 >  2  0 15  6
 > 10  9  8  7

4 (37)
 > 12  1  3  4
 > 13 11 14  5
 >  0  2 15  6
 > 10  9  8  7

4 (38)
 > 12  1  3  4
 >  0 11 14  5
 > 13  2 15  6
 > 10  9  8  7

4 (39)
 > 12  1  3  4
 > 11  0 14  5
 > 13  2 15  6
 > 10  9  8  7

4 (40)
 > 12  1  3  4
 > 11  2 14  5
 > 13  0 15  6
 > 10  9  8  7

4 (41)
 > 12  1  3  4
 > 11  2 14  5
 >  0 13 15  6
 > 10  9  8  7

4 (42)
 > 12  1  3  4
 >  0  2 14  5
 > 11 13 15  6
 > 10  9  8  7

4 (43)
 >  0  1  3  4
 > 12  2 14  5
 > 11 13 15  6
 > 10  9  8  7

4 (44)
 >  1  0  3  4
 > 12  2 14  5
 > 11 13 15  6
 > 10  9  8  7

4 (45)
 >  1  2  3  4
 > 12  0 14  5
 > 11 13 15  6
 > 10  9  8  7

4 (46)
 >  1  2  3  4
 > 12 13 14  5
 > 11  0 15  6
 > 10  9  8  7

Steps: 972208 - Open 865653 - Closed 970000 - G: 46
